45 3
74
0 7 22620
0 14 32722
0 16 15983
0 42 10120
1 5 29089
1 6 26271
1 9 9079
1 15 6247
1 23 31328
1 27 2181
1 32 7833
1 37 17606
1 38 23343
1 39 30357
2 3 23599
2 24 18668
3 7 6982
4 13 18167
4 21 22103
4 23 16590
5 24 2006
5 34 28391
6 10 22249
6 14 4658
7 14 26012
7 16 32254
7 23 21932
8 12 8724
9 17 24757
9 35 7859
10 20 1737
11 27 31049
11 38 11956
12 16 33
12 42 11647
13 15 7266
13 17 5874
13 28 3339
14 32 1817
14 36 6867
15 16 21797
15 24 5149
15 30 25117
16 20 6485
16 31 2612
17 26 17780
17 27 13767
17 34 23432
18 19 12106
18 29 10593
18 42 19893
19 24 4317
19 38 16170
19 40 29802
20 37 24036
20 40 26803
21 34 2498
22 36 23698
24 43 4827
25 26 12736
25 44 26114
27 33 21467
28 35 29222
29 34 2227
29 36 13806
29 39 19464
30 33 7942
30 40 23063
31 32 28914
31 42 26535
32 34 22375
33 37 15227
34 39 10358
34 44 15439
